25.0 2.145 3.01 209730.0 78851988636.36363 90344800097.43768 1048664772.7272727 48695524.47509248 13.804834504647475 6.391127085484942 1.6823353547948312 5809.729936522331 8806.003457265928 12344.068805259581 28.84536580006658 -27.07517715463949 -34.58709312104142
26.0 2.238 2.9 222804.0 82375000000.0 93816419163.52214 1152343750.0 47992254.84712552 15.239583333333334 7.055362654320987 1.8420381701631703 5977.928321678322 9049.206002331002 12686.0067016317 27.751995602257008 -28.27553121807091 -34.35490436473745
27.0 2.384 2.73 242924.0 83820596590.9091 94343351622.95763 1303977272.727273 53472514.36717186 16.225932244699003 7.51200566884213 1.8659745917621253 6257.121313672923 9452.953631489156 13254.40226663417 25.85598426612248 -32.18952556765597 -34.05151556728355
28.0 2.539 2.58 261809.0 82420880681.81819 91541128743.49089 1485099431.818182 56155477.180119425 14.413526853732861 6.672929098950398 1.9964528313864907 6525.798311325545 9838.949022346369 13799.795264093449 22.856538320821315 -37.21373979189518 -33.698577065304356
29.0 2.685 2.44 207581.0 79227982954.54546 86657325197.35356 1714687500.0 58895378.396700546 13.20989693446089 6.115693025213375 2.1629310914376325 6796.544661733616 10228.676664904862 14352.413121035943 19.85686602154717 -42.4818532476132 -33.472856377558735
30.0 2.839 2.32 288120.0 86709517045.45454 93646064352.72357 2031022727.2727275 74252744.53215013 14.899199069003288 6.897777346760781 2.0533269441401973 7046.566949616648 10585.124589266157 14860.77834063527 16.771210576604755 -47.95556613245575 -33.50488177629304
31.0 2.981 2.21 286102.0 96722159090.9091 103165789158.98637 2303053977.2727275 78009096.19996817 17.563544321721896 8.131270519315692 2.188208014726707 7292.463183234212 10934.4909374115 15361.2645143019 15.622048049026924 -51.1048132513753 -33.75937911910982
32.0 3.129 2.1 299381.0 100706960227.27274 105764351581.37105 2581676136.3636365 85312287.14067812 17.385447214076247 8.048818154664929 2.233733504398827 7553.931451612904 11307.322214076245 15897.223240469208 11.775439117077546 -55.4705037073904 -34.94845234290806
33.0 3.285 2.0 313881.0 109023011363.63637 112855389532.70564 2918948863.636364 95488722.20578723 16.16126893939394 7.482068953423119 2.252604166666667 7805.634469696971 11666.808712121214 16416.287878787876 10.006692600621514 -54.84117416470342 -34.71081779892257
34.0 3.447 1.9 322571.0 113457102272.72728 115487822687.5658 3243607954.5454545 107259133.24926624 18.950773902821318 8.77350643649135 2.23246473354232 8073.030956112854 12053.291536050157 16971.492946708466 7.112704908871847 -55.38056273636584 -36.3568590609236
35.0 3.593 1.82 270139.0 128769176136.36365 129539701471.54138 3518224431.818182 119215663.6957952 23.077802627337203 10.684167883026483 2.1875 8302.506447453256 12380.722114764669 17443.081076724695 8.621225790524552 -58.04123026114238 -36.04294668883476
36.0 3.744 1.74 286228.0 135707670454.54546 134534671857.12677 3862784090.909091 140276004.56234038 25.244743281353685 11.687381148774854 2.0648432315859324 8546.574319840742 12726.754313205043 17942.518248175184 8.109916217492295 -62.20524370602166 -36.293843000997036
37.0 3.902 1.67 295973.0 138679119318.18182 135532774605.76439 4177769886.3636365 152092839.0365553 26.370924838270344 12.208761499199232 2.060563500170242 8772.610231528772 13043.603166496427 18402.22803881512 6.252947252961167 -65.68917721642423 -37.35777051473309
38.0 4.038 1.6 304017.0 140025710227.27274 134763356094.84035 4402755681.818182 160623569.49212787 27.577196241258743 12.767220482064232 2.0569274475524475 9010.161713286714 13379.643793706293 18888.057255244752 3.7846098391532226 -68.21786367671875 -37.7177224412324
39.0 4.206 1.53 310748.0 146434659090.9091 138849009034.1494 4676974431.818183 180870894.9525409 29.26894313690262 13.550436637454917 1.9593851060007188 9259.735447358966 13730.630165289256 19397.963079410703 2.2486520239692904 -70.95698885376743 -39.04445027443979
40.0 4.293 1.5 312139.0 66210227272.72728 60643592551.39614 4813963068.181818 188900952.06040335 10.91818181818182 5.054713804713805 1.9357386363636366 9370.795454545454 13885.738636363638 19624.488636363636 -6.82735746830353 -75.00226908834158 -48.70862604512675
41.0 4.502 1.41 308839.0 51079403409.09091 45273122801.49831 5151107954.545455 213096175.40984613 8.331290079215389 3.857078740377495 1.8523670313089398 9718.50245190494 14378.831101471143 20341.14485099962 -14.62280632893734 -85.56139221494315 -53.454500238258625
42.0 4.657 1.36 231003.0 241589488636.36365 223577613195.9961 5785000000.0 239310013.4371435 32.38335419876733 14.992293610540429 1.8524292180277349 9920.430469953775 14661.317892912171 20758.980161787367 17.53742272594933 -85.01791548236231 -23.560417409110677
43.0 4.816 1.3 240661.0 276723011363.63635 253500382341.19876 8250198863.636366 276326534.64986604 22.766551383399214 10.540070084907043 2.2088068181818183 10176.69219367589 15012.35177865613 21283.658596837948 33.05454531718878 -84.76467861597521 -6.890394070891295
44.0 4.98 1.25 241398.0 278715909090.9091 252167304888.33832 10154218750.0 353395028.2851467 27.853535353535353 12.895155256266365 2.139330808080808 10413.952020202021 15325.189393939396 21755.492424242424 34.54833333333333 -82.038 -6.3798666666666675
45.0 5.115 1.21 236411.0 255262784090.90912 227820106015.0841 13898636363.636364 651134148.6629472 27.42634204031263 12.697380574218808 1.6699660633484161 10609.895619086796 15589.585047305636 22147.84296585767 30.084954375088074 -78.32467478734263 -1.9062874309061497
46.0 5.289 1.15 239002.0 145538352272.7273 125082241336.75516 15087073863.636364 727434446.1980202 16.26255285412262 7.528959654686398 1.6304175475687104 10915.499471458776 16006.738900634251 22766.12050739958 32.68566991006559 -78.58825372020107 15.44451201108229
47.0 5.431 1.11 241893.0 148582386363.63638 126425922038.68802 16145596590.909092 762904883.7125382 16.238151658767773 7.51766280498508 1.6580945713054718 11129.429663937957 16294.363959500213 23204.437742352435 34.24311658785294 -85.42570216026004 36.63010434734838
48.0 5.577 1.07 248877.0 1043892045454.5455 949240247750.3119 18090909090.909092 795635173.2299623 80.14794685990337 37.10553095365896 1.7602657004830917 11351.69631093544 16590.360122968817 23663.949275362316 17.90721787922158 -51.67807337029603 -22.0016069136463
49.0 5.726 1.04 257579.0 1237985795454.5454 1124918496588.494 22905823863.636364 744821632.646513 62.2998133912656 28.842506199659997 2.2639538770053473 11526.779745989306 16814.282531194298 24030.191622103383 12.72952615987343 -44.013113503138996 -32.53067678610091
50.0 5.878 1.0 263483.0 1313470170454.5454 1184727730783.6863 32768465909.09091 756251980.6928658 55.330397727272725 25.61592487373737 3.0126420454545455 11772.159090909092 17145.454545454544 24521.59090909091 9.971195564223981 -39.433577419820786 -40.13962354083555
51.0 6.073 0.95 265821.0 1307079545454.5454 1164396744703.889 36600710227.27273 1407932569.157807 66.12900641025641 30.615280745489077 1.9680944055944056 12075.830419580421 17583.697552447553 25135.562354312355 8.050993082875728 -38.814571956735726 -42.30849642717412
52.0 6.193 0.92 271387.0 1340720170454.5457 1186728880371.3262 39532102272.72727 1536927574.2897532 73.7827000473485 34.15865742932801 1.950757575757576 12262.443773674244 17856.963186553035 25517.356178977276 7.635745985167395 -39.63047717771429 -41.87211176662666
53.0 6.356 0.89 278229.0 1404440340909.091 1236181476399.7256 46401420454.545456 1430037485.3967416 81.84824434824434 37.89270571677978 2.367424242424242 12459.490740740739 18126.2025012025 25912.923881673876 10.887108761763896 -40.578344082350235 -38.376016394791854
54.0 6.522 0.85 284344.0 1419061079545.4546 1237018680975.7434 51815767045.45455 1202774183.54349 87.53071253071253 40.52347802347802 2.998157248157248 12734.259828009826 18515.356265356266 26465.67874692875 10.964696788058212 -41.881942076347016 -39.97236913838277
55.0 6.692 0.82 292104.0 1396811079545.4546 1207499469029.9353 60973011363.636375 1759323180.5137303 90.57973276723278 41.935061466311474 2.5010146103896105 12949.940684315687 18811.891233766233 26894.199550449553 11.058846805130301 -42.99594423813218 -41.79704759336452
56.0 6.822 0.79 300101.0 1367674715909.091 1172087806826.8865 62472727272.72728 1835021916.5130439 91.08367191467751 42.16836662716551 2.464131538852209 13169.994286439816 19119.159471813102 27338.274504824785 11.145602616098317 -44.331421760247174 -43.06302440784714
57.0 6.998 0.76 309664.0 1325671875000.0 1125640353188.1577 65023153409.09091 1916455328.6461818 87.57909349173555 40.545876616544234 2.4571442407024797 13398.276084710746 19434.23941115703 27795.712809917357 10.989862376351052 -45.94656002184396 -43.652737090132476
58.0 7.132 0.73 316133.0 1308022727272.7273 1101143070658.3076 66697443181.818184 2038837966.3998222 83.71485811875986 38.75687875868512 2.383571991592223 13633.571991592222 19763.038623226483 28270.74027850762 10.039043390221574 -46.56804487791435 -44.538689696861255
59.0 7.314 0.7 323872.0 1274149147727.273 1062710902523.8134 68566335227.27273 2190397625.0931153 78.82678810160428 36.49388338037235 2.297627005347594 13877.005347593584 20097.17580213904 28760.52807486631 8.130135667777665 -47.31690793245302 -45.38147178309668
60.0 7.453 0.68 328714.0 1241572443181.8184 1028686524699.9451 71741619318.18182 2673484513.2562814 75.70185673701297 35.04715589676526 2.0208502435064934 14041.700487012986 20324.590773809523 29093.952922077922 6.096062446952365 -47.50668393130391 -46.060552935459185
61.0 7.642 0.64 333647.0 1207203125000.0 987864168059.9774 75050852272.72728 3158163176.2079067 74.10381444013304 34.30732150006159 1.8262368348115299 14381.929046563191 20805.415049889136 29789.790049889136 4.710981527369802 -47.181420943523946 -46.96496410954634
62.0 7.786 0.62 340534.0 1196316761363.6362 973020785643.8168 76658096590.90909 3322588853.3995423 73.35735830527497 33.96173995614582 1.7817936307519637 14558.782267115601 21051.136363636364 30148.621632996634 3.772964649571154 -47.097947104811844 -47.2755094743098
63.0 7.932 0.6 344635.0 1188349431818.182 960723630725.1265 77799289772.72728 3527573183.471672 72.46715198863636 33.549607402146464 1.716086647727273 14740.678267045456 21304.066051136364 30516.335227272728 3.071678405204555 -46.913337771895954 -47.497805740436576
64.0 8.079 0.58 349559.0 1192063920454.5454 958292243997.8408 79083238636.36365 3671806604.6922297 71.91977128883775 33.296190411498955 1.682519418872267 14927.808544303796 21564.298043728424 30894.07724395857 2.4378261858996892 -47.12014194017273 -47.69954631023791
65.0 8.28 0.55 358669.0 1194632102272.727 952025077681.851 80707528409.0909 3721823565.9872675 71.24376832844575 32.98322607798414 1.6920821114369502 15218.108504398828 21968.291788856302 31482.038123167153 1.6808970895942592 -48.177818244967895 -47.222951106768605
66.0 8.432 0.52 363795.0 1206869318181.8184 953646675802.1763 81426420454.54546 3648716238.5058208 72.19834031100478 33.4251575513911 1.7330479964114833 15519.6807715311 22391.596889952154 32096.47876794259 1.018182749727231 -48.88080194725306 -47.18875141414864
67.0 8.587 0.5 365785.0 1225291193181.818 963031941403.1624 81282954545.45454 3520964579.3205953 73.33267045454546 33.9503103956229 1.7826704545454548 15726.893939393938 22679.45075757576 32516.287878787876 0.14688773490889792 -49.579958584358124 -47.648454272515494
68.0 8.743 0.48 371443.0 1244267045454.5454 972669937974.0756 81360937500.0 3437112545.174624 75.23591062653563 34.8314401048776 1.820293304668305 15939.51550982801 22975.276412776417 32946.67536855037 -0.5649571198748604 -49.883173720596304 -48.41969393560401
69.0 8.902 0.46 373832.0 1267568181818.182 985619401089.6309 81830681818.18182 3288509470.187794 77.08758172478207 35.68869524295466 1.897668897882939 16158.546077210463 23280.860834371113 33388.36783935243 -1.2043320890941658 -50.3910190634544 -49.36238770451051
70.0 9.062 0.44 380928.0 1288828125000.0002 996668727726.4093 82640340909.09091 3109581901.2582736 77.59193497474747 35.92219211793864 2.0046164772727275 16382.97032828283 23595.229640151516 33841.047190656565 -2.0275 -50.8495 -50.67016666666667
71.0 9.225 0.42 386098.0 1306688920454.5454 1004748656760.9208 83695738636.36365 2954313949.8919525 77.66755361715751 35.95720074868403 2.114276568501921 16614.01648527529 23918.65396927017 34307.87852112677 -2.794473923127975 -51.709432198747855 -51.68677430207385
72.0 9.389 0.4 390654.0 1334583806818.182 1020656308098.9581 85038778409.09091 2740479455.765797 78.67065746753248 36.42160067941318 2.280945616883117 16851.765422077922 24250.81168831169 34788.14935064935 -4.159004087519031 -52.31158323525079 -52.484924372895605
73.0 9.556 0.38 367349.0 1375203125000.0 1046404424658.5166 86407102272.72728 2542833357.2990985 79.82666337285904 36.95678859854585 2.4602684453227934 17093.935276679844 24591.670783926224 35282.444005270096 -5.260424857476762 -52.22765268555995 -52.8036979799244
74.0 9.724 0.36 368518.0 1420582386363.6365 1075521209407.266 88348437500.0 2299277960.6726365 81.01176052807489 37.50544468892355 2.7256016042780753 17342.914438502674 24942.24181149733 35790.85895721926 -6.272132005124405 -52.04793410631487 -53.15958793520861
75.0 9.837 0.35 371015.0 1454914772727.2727 1099122155860.1316 89273579545.45454 2221712800.988157 82.34027777777779 38.12049897119341 2.829124579124579 17468.960437710437 25119.52861952862 36049.03198653198 -6.745445994644585 -51.59510954150596 -53.338038113595886
76.0 10.009 0.33 373347.0 1502428977272.7273 1129197854941.1384 90459801136.36365 2058405631.717727 85.34026828434723 39.50938346497557 3.0483168147641835 17728.233937115514 25486.906185919343 36579.8017771702 -7.819857838159371 -51.36525339769115 -53.60231040806643
77.0 10.182 0.31 376308.0 1539332386363.6365 1150488315900.228 91733096590.9091 1963839855.7585082 88.35791117279668 40.90644035777623 3.207299618320611 17994.665163081198 25865.39295628036 37126.56141568355 -9.654954048538466 -51.654344904262885 -54.760275455287214
78.0 10.299 0.3 378290.0 1559289772727.2727 1162162554626.4968 92578409090.9091 1873522445.7330768 89.84429632867133 41.59458163364413 3.361232517482518 18130.68181818182 26057.47377622378 37404.39248251748 -10.669937039681594 -51.73624926609076 -55.55039918045317
79.0 10.535 0.27 379455.0 1637997159090.9092 1211143953863.2056 93999857954.54546 1772899774.5341537 96.09207229778096 44.48707050823192 3.5644461345740877 18553.932534001433 26658.24087329993 38272.637795275594 -10.736747556982152 -50.01513976803172 -57.511172616975294
80.0 10.654 0.26 383544.0 1678423295454.5457 1238174021949.7214 94671164772.7273 1719572226.731833 98.70862644300144 45.698438168056214 3.678075396825397 18698.593073593074 26862.261002886007 38569.73755411256 -10.627286936325005 -48.55976408803604 -58.68361993167868
81.0 10.834 0.24 387355.0 1724119318181.8184 1264627993167.9802 95905255681.81819 1643132449.4527812 101.40086601906158 46.94484537919517 3.8615744134897367 18995.601173020532 27283.609787390033 39181.176686217004 -11.186716236737675 -47.03144438873127 -60.69797103055263
82.0 11.016 0.23 384419.0 1773863636363.6365 1298300002284.7732 97182954545.45454 1612294251.9474187 101.19433665927569 46.84922993484985 3.9665327050997785 19143.2233924612 27493.1864375462 39488.2899113082 -12.959697659075005 -45.555595954083486 -61.750574429308706
83.0 11.138 0.21 387566.0 1840894886363.6365 1340188229351.429 98075000000.0 1564195742.383818 99.92522069872277 46.26167624940869 4.099009203606311 19453.53587528174 27939.166979714508 40131.949661908344 -10.375363636363636 -41.3530909090909 -62.980999999999995
84.0 11.323 0.2 398459.0 1960667613636.3638 1426605298714.7725 99912357954.54546 1492671192.861307 87.85748106060606 40.67475975028058 4.328480113636364 19603.45643939394 28160.511363636368 40450.8759469697 -3.0382170264811563 -31.6599157043782 -64.21572293864902
85.0 11.509 0.18 405224.0 1987599431818.182 1436723298864.932 102113068181.81819 1446628159.3650157 82.58787557781203 38.23512758232038 4.5243884822804326 19920.671224961483 28636.24325885979 41112.167758089374 0.20804986364502112 -20.779486447586326 -69.96551210950838
86.0 11.635 0.17 408720.0 1970596590909.091 1418657695510.1694 103131250000.0 1466551707.0838158 88.5553855866356 40.99786369751648 4.510246697746698 20085.348679098686 28886.339355089356 41447.28535353536 1.4180910516497984 -17.396137753884823 -73.0455104398539
87.0 11.824 0.15 417005.0 1944545454545.4543 1388755634982.699 104368181818.18182 1458175935.313 97.69589920948619 45.229582967354716 4.5770750988142295 20433.17687747036 29393.774703557316 42148.46837944665 4.826738137932688 -15.288975833984889 -74.57157026065047
88.0 11.951 0.14 419057.0 1966065340909.091 1399683308580.2454 105125426136.36365 1449171357.285263 103.63873106060605 47.98089400953983 4.628563596491229 20613.536682615628 29651.86403508772 42506.603867623606 9.889690560234582 -15.445049301631398 -73.01182791759442
89.0 12.143 0.13 421288.0 2028764204545.4546 1441154063753.1472 105931392045.45454 1409695153.3157318 113.25799477071604 52.43425683829446 4.766567779565568 20799.97988736927 29912.13294448914 42865.92417538214 15.900910766201108 -16.417930955464733 -70.76187036859574
90.0 12.337 0.11 426641.0 2080369318181.8184 1468578899253.5088 106549005681.81819 1363522972.2296453 123.64992833742834 57.24533719325385 4.924498361998361 21179.23321048321 30447.379197379196 43622.67096642096 19.64073657450731 -17.59084005108064 -69.568630214479
91.0 12.467 0.1 430216.0 2116661931818.182 1489830922953.5667 106822869318.18182 1435044626.2385051 130.41709710743802 60.37828569788797 4.729209710743802 21375.25826446281 30721.4617768595 44009.29752066116 21.432313466098122 -18.708080156105616 -68.24723125179777
92.0 12.663 0.08 434801.0 2154048295454.5457 1505970157437.401 107073721590.9091 1342817816.1787078 139.89767466329968 64.76744197374985 5.008154461279461 21776.751893939392 31285.905934343435 44810.07996632997 23.893737115457522 -20.580805045802588 -66.38758295321776
93.0 12.795 0.07 440838.0 2165326704545.4546 1508471878077.4756 107126136363.63637 1352566329.2419357 144.48677782497876 66.89202677082349 4.980087085811385 21983.857264231097 31574.84600679694 45219.573067119796 24.90709557742138 -21.718508615602072 -65.15214226909455
94.0 12.993 0.06 449065.0 2198494318181.8184 1526852845659.661 107414062500.0 1368227493.7460213 149.65962692967412 69.28686431929357 4.94358383361921 22196.880360205832 31866.69168096055 45633.17431389366 25.846693826016686 -23.740946076426138 -63.40340426578502
95.0 13.127 0.05 451754.0 2218380681818.182 1535424446638.7727 107619034090.9091 1343048760.1968403 151.64772727272728 70.20728114478115 5.028679653679654 22412.20238095238 32165.719696969696 46060.20021645021 26.523597722639 -24.959229905702504 -62.19274538890789
96.0 13.328 0.03 452731.0 2266235795454.5454 1558087312143.4531 107985653409.09091 1340121474.7547705 152.84918358340687 70.76351091824391 5.052129302736099 22854.010370697266 32782.43601059135 46944.367828773175 26.834654627381994 -27.006791652277293 -61.26944957602863
97.0 13.463 0.02 456225.0 2288934659090.909 1568353993610.5344 108420880681.81819 1328078161.918243 151.1892825311943 69.99503820888624 5.107369652406417 23083.361185383248 33097.56573083779 47399.036319073086 26.294754210305754 -28.279306930693902 -60.737135507503666
98.0 13.667 0.01 460756.0 2341519886363.6367 1599920666873.7278 115408806818.18182 1282709735.970498 146.81452520252026 67.96968759375937 5.538366336633664 23315.284653465347 33409.23154815482 47865.94284428443 18.890781056136646 -27.44780238078549 -63.45431764944318
99.0 13.803 0.0 462710.0 2341491477272.7275 1593641903891.2903 116852130681.81819 1232354356.855339 144.2443181818182 66.77977693602693 5.7859375 23544.886363636364 33737.92613636364 48335.9375 19.7379 -25.7523 -64.9148
