25.0 2.145 277382.0 50441477272.72727 57529244278.874504 412528409.0909091 13800079.45362289 13.641995862616188 6.315738825285272 2.2110561664021766 1415.215512355475 10097.483563817728 8642.916855588302 38.02959268268558 -147.59312375852068 -85.71092821781887
26.0 2.238 272446.0 54074431818.18182 61278863090.29107 435497159.0909091 15247884.091536926 14.856606934731936 6.878058766079599 2.1286421911421916 1462.1904137529139 10355.259324009325 8870.374417249417 39.45435089981384 -154.40173753589227 -88.81015331766798
27.0 2.384 285830.0 61640340909.09091 69071636896.04402 471392045.4545455 17483941.454210978 16.668443821593957 7.716872139626831 2.0288127589568608 1540.915184011699 10782.08780160858 9248.225383865465 42.32486925851833 -166.54768146331034 -94.38566642810628
28.0 2.539 300328.0 67607386363.63636 74837504224.49384 516321022.72727275 18562708.97125139 15.792399377856782 7.311296008267028 2.082195911630269 1617.433500507872 11183.778250380905 9606.597574911124 46.729730832120765 -179.9952524893784 -101.64269284164287
29.0 2.685 315148.0 71438494318.18182 77981170485.93988 552911931.8181819 20254457.647663366 15.944189349894293 7.381569143469579 2.0499141120507405 1693.9581131078223 11588.142507928118 9969.278541226216 51.721666168709625 -194.02782213587489 -109.42492409978719
30.0 2.839 325364.0 77242755681.81819 83219286476.57161 594460227.2727273 22356547.18278349 18.536889033406354 8.58189307102146 2.0054935651697705 1769.5269715224538 11949.488294085435 10296.840772179627 57.01155663864516 -209.01639680016805 -119.02507060502052
31.0 2.981 317519.0 84202556818.18182 89531790032.48056 635909090.909091 23407439.26759635 21.177384239592186 9.804344555366752 2.0416932172189184 1846.396205041065 12301.888629283489 10617.034834324553 63.031937612531244 -224.05247002359962 -130.87453191173316
32.0 3.129 157807.0 45557670454.54546 46886750020.475975 672926136.3636364 24736643.6300269 10.742164589442815 4.973224346964266 2.0439882697947214 1930.910923753666 12674.670087976541 10955.141129032258 71.68643883316177 -248.10787971065355 -151.46235807150453
33.0 3.285 160187.0 50713920454.545456 51427916098.56902 750866477.2727274 28606265.421830956 9.914772727272728 4.590172558922559 1.9839962121212122 2017.5284090909092 13024.810606060608 11276.183712121214 82.49757996450562 -264.55921385076226 -166.78263636242232
34.0 3.447 164181.0 48648295454.545456 48337242224.072495 883863636.3636364 30100248.414977334 10.252057210031348 4.74632278242192 2.178389498432602 2115.5172413793102 13395.425156739813 11619.563087774295 125.12429715397352 -264.7077177730576 -169.48937195852886
35.0 3.593 39429.0 30893039772.727276 29769725907.761276 1007784090.909091 30681546.43294555 7.551025548033527 3.4958451611266326 2.391652562862669 2209.194672791747 13712.927143778206 11908.597275951 140.1292342841558 -243.88347591154067 -147.44008139382737
36.0 3.744 40473.0 26572017045.454548 25026402430.289074 1148338068.1818182 32849393.370826572 6.66841199402787 3.0872277750129022 2.5190776376907764 2306.818181818182 14053.479595222294 12223.063205043132 131.95718060192388 -243.70708130404668 -109.29595675901562
37.0 3.902 40472.0 36253693181.818184 33929908532.4892 1318636363.6363637 36016257.19803184 8.659080268981954 4.008833457862016 2.6180520088525707 2402.499361593463 14357.177817500855 12520.5354102826 130.32634351736698 -268.45556031710083 -72.52816615214574
38.0 4.038 27.0 36489488636.36364 33578119016.129406 1370227272.7272727 36633048.8633766 9.11811625874126 4.22135011978762 2.6651551573426575 2497.6398601398605 14682.910839160839 12844.514860139861 132.47343775698525 -297.76398559158326 -46.7356058021735
39.0 4.206 24.0 43829971590.909096 39875385880.832756 1487357954.5454547 38039361.843510605 11.081735088034495 5.130432911127081 2.765507096658282 2602.9352317642833 15003.593244699963 13191.250449155588 137.95068686427084 -337.6586743035206 -16.860457882744768
40.0 4.293 28.0 37204971590.909096 33392675523.736164 1496889204.5454547 40206210.34375508 9.380738636363638 4.3429345538720545 2.654829545454546 2652.522727272727 15136.02272727273 13347.840909090908 144.4857312041573 -356.2255187737116 -3.78524635922155
41.0 4.502 21.0 43154119318.18182 38014891951.19419 1638821022.7272727 43777992.280903935 10.325289984911354 4.780226844866367 2.6669770841192 2800.5764334213504 15576.197661259903 13850.846378725011 170.563012321544 -401.0197077658372 29.401691808451602
42.0 4.657 19.0 46994886363.63637 40966358206.43694 1796548295.4545455 42881013.19930986 11.0981437788906 5.138029527264166 2.9293263674884438 2901.747881355932 15808.936825885978 14155.311055469954 191.7910489341752 -422.46496896643816 38.51163741842594
43.0 4.816 20.0 47015056818.18182 40311737775.25449 1899602272.7272727 48651771.475046925 10.820466897233203 5.009475415385742 2.7622282608695654 3027.0318675889334 16115.797924901188 14537.240612648224 215.19673005839587 -440.40087756151956 39.36198111155087
44.0 4.98 21.0 25431107954.545456 21006447629.455727 1827528409.0909092 52193857.914128944 6.515277777777778 3.016332304526749 2.5224747474747478 3149.6212121212125 16361.86868686869 14869.381313131315 225.61733333333333 -467.79133333333334 27.19326666666667
45.0 5.115 35.0 8512869318.181819 6670644587.876947 1518707386.3636365 74018648.54134944 2.8598699095022626 1.3240138469917881 1.6158473879062114 3251.9025092554502 16561.60016454134 15134.97531879885 236.2810276007627 -486.9168926254068 -74.09490825869382
46.0 5.289 295543.0 21800000000.0 17394568744.251144 2554275568.1818185 131933993.87005249 5.646273784355181 2.6140156409051762 1.5395084566596196 3418.6508985200853 16908.298097251587 15523.520084566599 366.99411196151175 -410.3512200990076 -148.21169184806277
47.0 5.431 20642.0 13400625000.0 10373738390.714493 2450767045.4545455 138525123.68146583 4.595809995691512 2.1276898128201447 1.428129039207238 3568.5655428694527 17150.070012925462 15788.049332184402 448.4119629319382 -352.1311219052045 -136.33842380346513
48.0 5.577 20855.0 17459232954.545456 13496276286.48822 2592997159.090909 126702796.65730914 5.821599143610014 2.6951847887083393 1.612387461572244 3738.643225735617 17413.606170399646 16066.438844971453 518.0498914365211 -299.2821285922131 -122.62454671477822
49.0 5.726 24497.0 19077272727.272728 14670097801.922853 2634744318.1818185 120999064.15959555 6.262811942959003 2.8994499735921306 1.6979305926916222 3910.330325311943 17612.591911764706 16278.826871657757 587.3964910484897 -241.60082499798276 -109.10142246695837
50.0 5.878 25263.0 18044744318.18182 13686724276.413609 2600440340.909091 123153199.0723975 5.962926136363636 2.760613952020202 1.654971590909091 4122.911931818182 17920.383522727276 16582.8125 665.0615048704142 -173.60249295589045 -95.95085467310855
51.0 6.073 25801.0 15503267045.454544 11521220878.70408 2561136363.636364 133548948.28906637 5.152316433566434 2.385331682206682 1.5273892773892774 4425.677447552447 18347.829254079257 16984.848484848484 774.9651943879935 -53.66163841722048 -71.28844798426411
52.0 6.193 26321.0 12308678977.272728 8986401914.676706 2480838068.1818185 148645971.44022334 4.260401870265152 1.9724082732709036 1.3603811553030305 4629.276160037879 18634.070194128788 17240.619081439396 853.8288793478077 52.4023311575926 -40.8263139227733
53.0 6.356 26979.0 924715909.0909091 608287384.100063 1206250000.0 197354176.23495683 1.7955597643097645 0.831277668661928 0.5890001202501203 4910.984848484848 18952.997234247232 17513.0772005772 888.5105097442156 111.94723247699899 -81.87317023764199
54.0 6.522 28343.0 250170454.54545456 155647009.24449018 803607954.5454546 206729752.48204678 0.6087223587223587 0.2818159068159068 0.40394656019656017 5189.127764127764 19409.16769041769 17846.207002457002 574.7672646850319 309.8084135309992 -368.2984127916721
