2.145 2.238 46.0
2.238 2.384 73.0
2.384 2.539 78.0
2.539 2.685 73.0
2.685 2.839 77.0
2.839 2.981 71.0
2.981 3.129 74.0
3.129 3.285 78.0
3.285 3.447 81.0
3.447 3.593 73.0
3.593 3.744 76.0
3.744 3.902 79.0
3.902 4.038 68.0
4.038 4.206 84.0
4.206 4.293 43.0
4.293 4.502 104.0
4.502 4.657 78.0
4.657 4.816 79.0
4.816 4.98 82.0
4.98 5.115 67.0
5.115 5.289 87.0
5.289 5.431 71.0
5.431 5.577 73.0
5.577 5.726 75.0
5.726 5.878 76.0
5.878 6.073 98.0
6.073 6.193 60.0
6.193 6.356 82.0
6.356 6.522 83.0
6.522 6.692 85.0
6.692 6.822 65.0
6.822 6.998 88.0
6.998 7.132 67.0
7.132 7.314 91.0
7.314 7.453 70.0
7.453 7.642 95.0
7.642 7.786 72.0
7.786 7.932 73.0
7.932 8.079 74.0
8.079 8.28 100.0
8.28 8.432 76.0
8.432 8.587 77.0
8.587 8.743 78.0
8.743 8.902 79.0
8.902 9.062 80.0
9.062 9.225 82.0
9.225 9.389 82.0
9.389 9.556 83.0
9.556 9.724 84.0
9.724 9.837 56.0
9.837 10.009 86.0
10.009 10.182 87.0
10.182 10.299 58.0
10.299 10.535 118.0
10.535 10.654 59.0
10.654 10.834 90.0
10.834 11.016 91.0
11.016 11.138 61.0
11.138 11.323 93.0
11.323 11.509 93.0
11.509 11.635 63.0
11.635 11.824 95.0
11.824 11.951 64.0
11.951 12.143 96.0
12.143 12.337 97.0
12.337 12.467 65.0
12.467 12.663 98.0
12.663 12.795 66.0
12.795 12.993 99.0
12.993 13.127 67.0
13.127 13.328 100.0
13.328 13.463 67.0
13.463 13.667 102.0
13.667 13.803 68.0
