25.0 2.145 3.01 99810.0 274927556818.1818 316090833317.1944 2030553977.2727275 31682723.348746654 25.043251246882797 11.594097799482775 4.174613182951712 1502.1749603264566 10085.404386760374 8360.490818408525 16.97868988568947 -113.19809071224547 21.41994178621147
26.0 2.238 2.9 107929.0 327900568181.8182 375560632807.30884 2862670454.5454545 47816999.19292116 29.146161130536132 13.493593115988949 3.9440923659673666 1546.510780885781 10352.418414918415 8603.693181818182 18.236752241854063 -125.1431908511616 18.473074973163037
27.0 2.384 2.73 117826.0 399041193181.8182 453976763846.63226 5876534090.909091 85263476.64428605 22.769162807701683 10.541279077639667 4.435283633926395 1624.4135388739946 10801.242992932002 9000.350353399952 17.473223582056217 -150.11592132366422 12.212212545317524
28.0 2.539 2.58 124849.0 412947443181.8182 466248136896.23 7490539772.727273 59656280.57699052 27.122111477907566 12.556533091623873 7.31145251396648 1702.2124174707974 11212.425406297612 9377.102907567294 17.97764466904296 -164.66404810312875 12.732964801195816
29.0 2.685 2.44 134849.0 449248579545.4546 502709681879.99756 12617471590.909092 261214401.0302675 31.61390889270613 14.636068931808394 3.2981385438689226 1773.9908165961947 11619.15301268499 9768.84579809725 19.81831580512694 -178.26051403806812 12.481212167205184
30.0 2.839 2.32 150544.0 459410511363.6364 509122243051.2014 13865880681.818182 343090525.39820695 33.3361856516977 15.433419283193377 2.842748836254108 1843.570303943045 11985.769783680176 10127.027998357065 21.2466287491644 -193.6247034431137 13.119902468047707
31.0 2.981 2.21 162152.0 458369318181.81824 502501903395.43384 14790198863.636368 388152691.14841396 33.05990689606344 15.30551245188122 2.7066517983574063 1912.5867318040218 12343.971254602098 10477.909940526764 22.760897360956847 -209.14998324623483 14.41957922830952
32.0 3.129 2.1 157806.0 461988636363.6364 500180930286.22577 16047443181.818182 438864336.2436711 32.97420271260997 15.265834589171282 2.6152859237536656 1985.7038123167158 12723.790322580648 10852.456011730206 24.4830739927048 -227.35455428726578 13.360393411727404
33.0 3.285 2.0 160186.0 466765625000.0 498880312637.2257 17622869318.18182 479809570.3583138 33.033806818181816 15.293429082491581 2.625 2058.219696969697 13081.818181818182 11217.755681818184 26.20494722305949 -249.5746649642147 15.515999809336599
34.0 3.447 1.9 164180.0 485211647727.27277 511463056907.39624 19607528409.09091 505908819.597887 33.14385775862069 15.344378591954023 2.745248824451411 2135.2860501567397 13456.847570532917 11611.334247648905 28.306128573398965 -279.02003618328945 15.473898726453903
35.0 3.593 1.82 39424.0 474326704545.4546 493395655504.54474 21173295454.545456 497627133.8554944 31.163211234687296 14.427412608651524 2.9672892488716958 2202.087362991618 13763.096389426175 11943.756044487429 35.85149622489736 -311.216872049423 4.8830289402383915
36.0 3.744 1.74 40465.0 463026988636.36365 474733829005.4732 23001988636.363636 507316912.76619697 29.883564200398144 13.83498342611025 3.128680739880557 2275.9103351028534 14077.430325149304 12291.856751824816 51.237467513821635 -340.75567086497966 -11.138621920193803
37.0 3.902 1.67 40463.0 507808238636.36365 515156269652.309 25448579545.454548 531461619.82930434 33.40318564862105 15.46443780028752 3.274280728634662 2350.0489445011917 14349.99574395642 12608.741913517195 70.96147159505875 -361.7987324362944 -24.509895962521608
38.0 4.038 1.6 3.0 478704545454.5455 478264046718.32117 27869034090.909092 592101274.8561751 31.617406031468533 14.637687977531728 3.2277097902097904 2430.90034965035 14651.82473776224 12941.433566433565 90.40643734738227 -382.2117942892999 -35.18629754300124
39.0 4.206 1.53 3.0 469526988636.3636 462065051147.60864 30624147727.272728 729675483.1901741 31.82845625224578 14.73539641307675 2.9336035752784766 2526.7303719008264 14949.35770750988 13287.145167085877 121.66120942947221 -400.14463193550205 -47.614249420000725
40.0 4.293 1.5 3.0 529306818181.81824 519430842857.1056 32047443181.818184 796027186.7451128 36.665738636363635 16.9748789983165 2.8336363636363635 2575.1875 15073.52272727273 13439.602272727274 141.5909822340392 -402.03111068125065 -51.6037544885641
41.0 4.502 1.41 3.0 494556818181.81824 474715867624.5237 33982102272.727276 939801467.7281991 33.64267021878536 15.575310286474704 2.5910033949453033 2727.6676254243685 15504.998113919275 13921.574405884574 194.55720249834854 -405.6473289699008 -62.08323591154831
42.0 4.657 1.36 3.0 499414772727.27277 474011315610.27136 35112926136.36364 1045894163.7966378 34.444879140986124 15.946703306012093 2.4355980354391367 2838.0862384437596 15741.58561248074 14199.609976887517 240.8729193185007 -396.1928467305079 -68.47546150858393
43.0 4.816 1.3 3.0 491789772727.27277 459915621285.1378 36443039772.72727 1161730405.32243 34.37265316205534 15.913265352803398 2.3016921936758896 2977.45800395257 16062.438241106722 14551.815711462454 290.9087741551203 -380.35439475173223 -74.82188045764015
44.0 4.98 1.25 3.0 540215909090.9091 500795723424.1216 37872017045.454544 1254356691.158891 36.42809343434344 16.864858071455295 2.2294823232323235 3123.1881313131316 16333.143939393942 14854.924242424246 335.99133333333333 -364.4693333333333 -71.08866666666667
45.0 5.115 1.21 3.0 560556818181.8182 515288910042.6879 39111647727.27273 1323391830.6826987 31.906301419169072 14.771435842207902 2.1901352324146446 3254.9298128342243 16564.749588646646 15108.751542575073 370.89765248089276 -354.1696254397924 -64.85789998609525
46.0 5.289 1.15 295542.0 621265625000.0 564869680099.014 39019318181.818184 1336061798.8302038 42.096326638477805 19.48904011040639 2.1685385835095143 3451.4270613107824 16946.353065539115 15519.688160676533 425.36055152207376 -334.43706618387023 -65.29543385014813
47.0 5.431 1.11 20613.0 606981534090.909 545928783485.0076 39175000000.0 1325053744.7717311 44.29657205945712 20.507672249748666 2.190798685911245 3609.8395088323996 17201.165984489442 15802.792438604047 468.2896442885186 -317.9726820094226 -70.60590419104533
48.0 5.577 1.07 20833.0 567552556818.1819 504022682667.82855 38851136363.63637 1334542487.742517 43.60184727711901 20.186040406073616 2.162796442687747 3783.0478700043914 17468.297101449272 16094.916556873077 518.3571026732318 -294.0227000216468 -75.21670953476172
49.0 5.726 1.04 24476.0 545002840909.09094 479537639914.2331 38780823863.63637 1326397083.4046998 42.22252395276293 19.5474647929458 2.1705798796791447 3954.3156751336896 17663.90931372549 16315.591577540106 575.4913097740836 -260.6985449239987 -82.41908546580463
50.0 5.878 1.0 25243.0 460839488636.36365 398606121850.71533 38883238636.36364 1310109650.7473805 33.413849431818186 15.469374736952863 2.197869318181818 4164.076704545455 17963.139204545456 16622.514204545456 642.1038690056305 -212.42689788371902 -92.16571207341698
51.0 6.073 0.95 25779.0 364678977272.7273 308314707809.31024 39193039772.72727 1280931842.3153174 25.05106351981352 11.597714592506259 2.2543706293706296 4458.479020979022 18374.56293706294 17019.303613053613 729.1481647469507 -114.17019436810679 -114.85981299180676
52.0 6.193 0.92 26292.0 340556818181.8182 284801852949.64307 39666619318.18182 1275677970.8022106 22.742734966856066 10.529043966137067 2.2848603219696972 4652.099609375 18648.348721590908 17264.145359848484 772.3142382165976 -27.806848846196296 -133.1874902236818
53.0 6.356 0.89 26921.0 336784090909.0909 279243460786.8312 42005255681.818184 1272895228.5211139 19.18132215007215 8.880241736144512 2.4009439634439635 4899.906806156806 18954.27489177489 17503.38203463203 801.4633933290783 121.78740454070736 -157.54895239258178
54.0 6.522 0.85 28246.0 338403409090.9091 277603019173.178 43928693181.818184 1397238501.541082 21.847972972972972 10.114802302302301 2.305973587223587 5185.219594594594 19409.935503685505 17842.06081081081 770.4755153694268 286.1955255132124 -200.68638889059207
55.0 6.692 0.82 29288.0 298859375000.0 241855439264.23642 46027130681.818184 1561643156.0692334 19.280641233766236 8.926222793410293 2.185158591408592 5435.174200799202 19810.18981018981 18085.430194805198 657.5674575552795 414.8060826008189 -250.03080700295607
56.0 6.822 0.79 29506.0 280396306818.1818 224407986953.64365 47163920454.545456 1740995884.1226106 18.997746317927884 8.795252924966613 2.0368842051802947 5630.086655662773 20217.512061960388 18342.750126968003 535.1889392035397 452.18627215343724 -273.0582201297865
57.0 6.998 0.76 30630.0 335553977272.7273 268385003981.49933 48482528409.09091 1860003090.6179183 23.27576188016529 10.775815685261708 1.9724948347107438 5834.888300619835 20668.017174586777 18588.019757231403 392.048417349213 440.62943274430523 -298.8640749723709
58.0 7.132 0.73 30714.0 351627840909.09094 279440762145.102 49023295454.545456 1910427882.9320717 24.467781135049925 11.327676451412001 1.9469259064634787 5997.791316342617 21101.96071991592 18856.410930110353 304.52568319128915 404.5998381502567 -313.10627009873906
59.0 7.314 0.7 32348.0 323024147727.27277 253574006378.37534 48773153409.09091 1879348184.4603615 22.492396390374335 10.413146477025155 1.9653241978609628 6164.513703208557 21564.087566844923 19114.388368983957 211.07183279075173 342.75358565593444 -320.2914820275615
60.0 7.453 0.68 34598.0 349674715909.09094 273874704503.683 48685653409.09091 1840598987.0613012 24.625270562770563 11.40058822350489 1.9967532467532467 6270.799512987013 21877.790178571428 19284.530573593074 155.44210868481213 289.3519563991642 -322.3026652668191
61.0 7.642 0.64 34074.0 363011363636.36365 281498214190.88086 48449431818.18182 1792660460.2195961 25.930051274944564 12.00465336802989 2.0328956485587586 6453.869872505544 22473.58300997783 19676.41352549889 92.59464255494508 222.0517589972673 -324.31277654430767
62.0 7.786 0.62 35062.0 366380681818.1818 282559861716.11285 48260085227.27273 1771685848.7649827 26.42624158249158 12.23437110300536 2.046243686868687 6547.041596520764 22786.63369809203 19860.14660493827 51.83650534780329 171.03420255920082 -323.808551005561
63.0 7.932 0.6 35586.0 379278409090.9091 291226897359.0445 48138778409.09091 1754790076.9924598 27.553089488636363 12.75605994844276 2.058327414772727 6635.45809659091 23097.74502840909 20049.094460227272 15.722686412474172 120.04717510472705 -322.6013366409073
64.0 8.079 0.58 38144.0 371508522727.27277 283295079412.0659 47926846590.909096 1739329952.2980251 26.770713463751438 12.39384882581085 2.065952243958573 6719.649021864211 23407.292865362484 20243.545023014958 -16.839004144048754 68.97672587551781 -320.8363193488093
65.0 8.28 0.55 38303.0 363926136363.6364 274748259768.0989 47696306818.181816 1707817017.5369077 26.20766129032258 12.13317652329749 2.089259530791789 6841.321480938416 23868.67668621701 20555.993401759533 -55.15795485699639 -0.21036314223956448 -317.9768614872635
66.0 8.432 0.52 12.0 357228693181.8182 266993947381.39023 47527556818.18182 1676079821.9742622 25.854795903110045 11.969812918106502 2.1159165669856463 6963.918585526316 24334.72263755981 20902.17553827751 -80.88903499340607 -53.34821766377313 -315.9432509013788
67.0 8.587 0.5 12.0 354427556818.1818 263164298476.54965 47391335227.27273 1664575955.9175506 25.680776515151518 11.889248386644221 2.1230113636363637 7039.441287878788 24643.8446969697 21121.685606060608 -104.74508038089427 -107.28928372706505 -312.7190069919
68.0 8.743 0.48 11.0 351845170454.5455 259525169685.19135 47272443181.818184 1650730923.1806023 25.566934121621625 11.836543574824825 2.1333691646191646 7112.484643734645 24951.14788083538 21348.376074938576 -126.94643201238733 -162.85117083987737 -309.875651171868
69.0 8.902 0.46 11.0 358120738636.36365 262695101990.2514 47203125000.0 1636269999.0062034 26.127899283935246 12.09624966848854 2.1464430261519305 7183.715364259029 25256.4601494396 21582.05557285181 -147.8128945220487 -220.98070352749545 -307.5681420166296
70.0 9.062 0.44 11.0 353147727272.7273 257229099083.0975 47084375000.0 1622020813.3540096 25.661300505050505 11.880231715301159 2.1576112689393945 7253.353851010102 25559.20533459596 21823.21259469697 -167.6341666666667 -283.24916666666667 -305.44000000000005
71.0 9.225 0.42 12.0 357220170454.5455 258652251280.33987 47014630681.818184 1615053303.269467 26.061539692701665 12.06552763551003 2.1626920614596674 7321.642925736237 25858.374679897566 22072.06306017926 -185.8644047796256 -350.8969715208942 -303.5906399909932
72.0 9.389 0.4 12.0 357279829545.4546 257011712482.3019 46926988636.36364 1602698924.3166456 26.074269480519483 12.071421055796057 2.173193993506494 7388.6870941558445 26153.00324675325 22329.038149350654 -202.37303144899803 -425.35853001656983 -302.29730929405997
73.0 9.556 0.38 12.0 353214488636.36365 252282449327.93695 46814630681.818184 1579719085.6798055 25.75294384057971 11.922659185453568 2.1951169301712783 7455.070405138341 26441.658432147568 22594.079380764164 -216.42090661051196 -509.16887879497637 -301.95260905155874
74.0 9.724 0.36 11.0 340944602272.7273 241507719287.7889 46651136363.63637 1581416330.4765685 24.775965073529413 11.47035420070806 2.1867688836898402 7521.233706550804 26721.987800802144 22867.438168449204 -226.50332635526573 -605.0452933969198 -303.43587666434377
75.0 9.837 0.35 12.0 337565340909.09094 238202556958.05484 46575994318.18182 1576325002.2296238 24.470433501683498 11.328904398927545 2.189709595959596 7547.2432659932665 26836.595117845118 22997.26430976431 -229.25995818429928 -677.3916725554038 -305.59215662321833
76.0 10.009 0.33 11.0 333450284090.9092 233578033863.53778 46463920454.545456 1566724620.7453246 24.192263328776487 11.200121911470596 2.1964712918660285 7615.889866712236 27095.01025290499 23282.424812030073 -225.4390538666064 -803.5126559193428 -314.22591208605917
77.0 10.182 0.31 12.0 299669034090.90906 207466162445.8518 46129119318.18182 1565141397.069244 21.45753816793893 9.934045448119875 2.185114503816794 7689.289122137404 27335.40076335878 23574.015440666208 -203.5782874263618 -958.6717761713239 -334.70204484193704
78.0 10.299 0.3 12.0 282622159090.9091 194470078009.42642 45952414772.72728 1569705155.5168734 20.126638986013983 9.317888419450918 2.1728583916083917 7723.6013986013995 27411.494755244756 23710.00874125874 -169.3186818012799 -1085.9381571851914 -357.65899792529063
79.0 10.535 0.27 13.0 176556818181.8182 117696853191.07843 43217897727.27273 1684665973.2155795 14.635155690765929 6.7755350420212626 1.9464701145311383 7881.811471009307 27724.141016463847 24162.826592698642 47.68494157430501 -1430.8002564778244 -463.72896239482344
80.0 10.654 0.26 14.0 194130681818.18182 129506769998.04004 43680113636.36364 1634733480.570897 15.128404581529582 7.003891009967399 2.0136634199134202 7970.362103174603 27737.644300144304 24284.248737373735 380.08201170252886 -1590.0529413418412 -591.8856550473188
81.0 10.834 0.24 15.0 145884943181.81818 95410980979.73885 42440909090.909096 1686957575.47283 12.068365102639296 5.58720606603671 1.915093475073314 8225.680443548386 27879.627932551324 24531.135447214077 790.3109243228466 -1333.7489728508303 -875.8308869094056
82.0 11.016 0.23 13.0 212840909090.9091 141066327825.47998 44527130681.818184 1577098204.0617993 16.40532612712491 7.5950583921874575 2.108277900960828 8451.750739098301 27885.024020694756 24531.36548410939 727.6681335782152 -874.2471560682917 -1006.8584142477351
83.0 11.138 0.21 11.0 219008522727.27274 144300762093.41907 44787500000.0 1540922682.3347173 17.50939143501127 8.106199738431144 2.1599126596543954 8686.478681442524 28241.101615326825 24802.310293012775 658.0181818181818 -690.2854545454545 -962.3272727272725
84.0 11.323 0.2 11.0 247586647727.27274 163445162670.31036 45273863636.36364 1514618489.6518874 19.861624053030305 9.195196320847362 2.2109375000000004 8883.70028409091 28356.178977272728 24820.430871212124 570.3681466452173 -515.9838610396001 -897.8341192299018
85.0 11.509 0.18 12.0 208974431818.18182 135910654704.96284 44562784090.909096 1533173491.866942 17.478693181818183 8.091987584175085 2.1599335516178737 9141.840812788907 28745.78678736518 25065.003852080128 483.50788311102906 -395.00107762243056 -825.5584292865658
86.0 11.635 0.17 11.0 215069602272.7273 139543968715.56204 44522301136.36364 1525803529.4354079 18.076073232323232 8.368552422371867 2.1669823232323235 9283.241064491065 28943.036130536133 25169.84751359752 439.6951290421795 -336.0235113683382 -777.1479179161247
87.0 11.824 0.15 11.0 240984375000.0 156008846877.69965 45051704545.45455 1490458979.986261 19.158720355731226 8.86977794246816 2.2315958498023716 9530.274209486168 29386.11660079052 25454.174901185776 393.3613007744363 -264.30263531397685 -720.4718649426312
88.0 11.951 0.14 11.0 241174715909.0909 155559986610.85956 45049715909.09091 1480852589.0184355 18.850927033492823 8.727281034024454 2.2435705741626792 9665.046850079745 29610.49641148325 25582.51096491228 362.19927481230746 -229.13852856089616 -682.3271149683651
89.0 12.143 0.13 10.0 245771306818.18182 158070904601.33804 45058806818.18182 1478373094.0790727 19.058980289621886 8.823601985936058 2.247083668543846 9819.451427996783 29830.676790024143 25676.412912308933 318.8723898725145 -184.76886720095914 -627.1315669079252
90.0 12.337 0.11 10.0 246911931818.18182 157653682154.449 45006818181.818184 1462921256.0931823 19.5698966011466 9.060137315345647 2.2646652334152337 10057.31726044226 30334.254709254707 26016.456797706796 280.9450717947652 -148.23000419666775 -574.8508960215308
91.0 12.467 0.1 10.0 249717329545.4546 158927448808.47705 45016761363.63637 1460901798.8642395 19.59542871900826 9.071957740281603 2.2676911157024793 10185.059400826447 30591.42561983471 26176.911157024795 258.08420711958615 -127.36448613401545 -545.5045511850807
92.0 12.663 0.08 10.0 255870738636.36365 161794909194.3734 45022301136.36365 1439188743.5290449 20.147569444444446 9.327578446502057 2.296401515151515 10423.006102693604 31134.785353535353 26554.477062289563 226.9179008004959 -98.65280274687998 -503.52352801789965
93.0 12.795 0.07 10.0 255802556818.18182 161136615031.01913 44990767045.45455 1438912692.623771 20.265505522514868 9.382178482645772 2.295427994902294 10549.875212404419 31413.551401869157 26736.00785896347 208.66523747806127 -81.53919582125869 -475.05721092650623
94.0 12.993 0.06 11.0 253640625000.0 159106306313.08047 44937500000.0 1438761336.4988136 20.00067002572899 9.259569456356013 2.293364065180103 10688.974056603773 31695.969125214408 26895.502787307032 183.04853361985002 -57.83463390254589 -434.57757696519894
95.0 13.127 0.05 11.0 257998579545.45456 161346754664.32938 44945312500.0 1426837124.5259717 20.166531385281385 9.336357122815455 2.309659090909091 10814.461580086581 31991.071428571428 27094.291125541124 167.3483204092874 -43.46288082885046 -412.08161300310167
96.0 13.328 0.03 585516.0 258680397727.2727 160555871203.74786 44907386363.63637 1409439400.7978356 20.51315644307149 9.496831686607171 2.3317519858781997 11056.51478375993 32605.36187113857 27539.71756398941 147.22691541403051 -24.87384936383505 -376.14551062210626
97.0 13.463 0.02 608051.0 261507102272.7273 161765755963.24377 44902272727.27273 1403227113.9426057 20.67791889483066 9.573110599458639 2.340129233511586 11183.823529411764 32922.3763368984 27759.99888591801 133.1916770385933 -12.473482687402951 -356.02438158549387
98.0 13.667 0.01 610867.0 262390625000.0 161711713440.9895 44868181818.18182 1403199448.714977 20.59588771377138 9.535133200820082 2.33868699369937 11319.78510351035 33247.49662466246 27965.796579657967 114.89395924197682 4.31517778278366 -323.8686848183081
99.0 13.803 0.0 613192.0 263194602272.7273 161601690987.36722 44846022727.27273 1395724260.1493735 20.718323863636364 9.591816603535353 2.348153409090909 11447.784090909092 33581.392045454544 28202.98295454546 103.933 15.0419 -303.54
