25.0 2.145 240601.0 49084943181.818184 55963935454.88394 341278409.0909091 20321601.84670534 16.10845046474723 7.4576159559014945 1.3674620267513036 5775.936579007029 8846.881376105192 12234.612332804356 -10.582030718495483 -51.997543642827786 -12.866726631295496
26.0 2.238 253174.0 53290340909.09091 60378584244.444595 400880681.8181818 23330518.151062507 15.118079836829839 6.99911103556937 1.3937937062937065 5936.662296037296 9085.518648018648 12578.052156177158 -10.288368593234615 -54.336505262139966 -14.062696303450378
27.0 2.384 274313.0 59174431818.18181 66266509028.569756 473522727.2727273 23339567.83025271 15.341327991713381 7.102466662830269 1.600772300755545 6203.463928832562 9482.010114550329 13146.820923714356 -9.631802278043523 -58.930655381556136 -14.157565185010748
28.0 2.539 264844.0 67655823863.63637 74892057879.05014 549588068.1818182 29576695.11459226 16.929913661757237 7.837922991554276 1.4877475876079227 6461.877856780092 9860.01777552057 13692.824720670393 -9.223562903611136 -62.334812428552254 -13.299798664414679
29.0 2.685 207582.0 74752414772.72728 81670731376.24316 620909090.909091 33606982.50464166 18.722334170190276 8.667747301014016 1.4806586945031714 6722.714059196617 10244.243855708244 14243.029862579282 -9.539911528921595 -64.19338905187291 -12.947319329377045
30.0 2.839 287697.0 84374147727.27274 91072056965.42297 694573863.6363636 34718303.477623604 18.21228094194962 8.431611547198896 1.5821809967141294 6962.109802847755 10598.131161007668 14749.238430996715 -2.3704140766073576 -63.52277254123359 -15.834098206942775
31.0 2.981 304325.0 88996875000.00002 94748770690.05383 774360795.4545455 36956700.9363104 18.8886823845936 8.744760363237777 1.644364202775418 7197.85471537808 10949.359246672331 15247.097139620506 5.362495213890928 -64.11808889600509 -15.59559194890531
32.0 3.129 314738.0 95566477272.72728 100238647772.39543 841136363.6363637 42808549.88436895 20.759805718475075 9.611021165960683 1.5586052052785924 7454.545454545454 11320.839442815248 15784.411656891496 13.27116660756719 -67.38469590057451 -14.181495835498387
33.0 3.285 330479.0 97324289772.72728 100450803560.78203 956747159.0909091 55096275.03977343 22.78248106060606 10.547444935465768 1.4061079545454547 7707.575757575757 11678.030303030304 16307.8125 19.18610000052121 -69.20004856453018 -13.151981397112758
34.0 3.447 341863.0 97146590909.09091 98463551010.89262 1055113636.3636364 59735915.96969396 24.826655564263326 11.49382202049228 1.4261853448275865 7979.525862068966 12059.855015673984 16868.044670846397 25.132907951185405 -72.10477075421045 -11.928263041024124
35.0 3.593 270140.0 80943323863.63637 80336979785.18546 1154289772.7272727 67249592.8047707 21.377236460348158 9.896868731642664 1.3925491618310768 8213.09840425532 12384.44954867827 17343.397404900064 30.621950877302297 -75.43743770467557 -11.262408504992765
36.0 3.744 286229.0 72270738636.36365 70281574820.92848 1286093750.0 71842162.76821081 18.373838752488385 8.506406829855733 1.4422279362972794 8462.176509621766 12726.028533510285 17846.09323158593 35.87573010020323 -78.44223320845683 -9.399777298961554
37.0 3.902 295974.0 74548011363.63637 71438456852.87201 1488991477.2727273 72323860.89882852 16.412793667007154 7.598515586577386 1.6204353932584272 8695.735444330952 13038.070309839974 18310.77630234934 40.71845273769694 -80.1933416707061 -5.37308914174087
38.0 4.038 304018.0 75637357954.54546 71337231179.8909 1726562500.0 77188233.4863168 15.705528846153847 7.271078169515669 1.736396416083916 8942.03452797203 13370.957167832168 18802.229020979023 45.093447933579675 -82.46077224959755 0.7416036781088773
39.0 4.206 310749.0 77508664772.7273 71922934436.8529 2070553977.2727275 80625135.59122805 14.822022098454903 6.862047267803195 1.9482123607617678 9204.096298957958 13716.313330937835 19324.46999640675 48.22886127412111 -84.1690061556699 10.986564109169944
40.0 4.293 312138.0 167913352272.7273 158805093283.9207 2262286931.818182 81911528.865894 31.44982954545455 14.560106271043772 2.0699431818181817 9321.988636363636 13868.011363636364 19559.829545454548 38.633988893149514 -79.25173780807586 1.947836547557315
41.0 4.502 308838.0 206659090909.0909 192577502698.22037 2774474431.818182 90174887.60073821 37.17559411542814 17.2109232015871 2.264829309694455 9685.378159185213 14359.911354205959 20300.299415314978 41.143056716172744 -78.94268287867462 3.6970725415649284
42.0 4.657 231004.0 26051988636.363636 22220485539.36007 2910184659.0909095 97759369.74270077 5.99130874422188 2.7737540482508702 2.2033898305084745 9905.985169491525 14646.992969953773 20738.816929892142 78.75322508596507 -67.74119605065208 50.78142152272466
43.0 4.816 240664.0 3722471590.909091 2906555438.4820733 1790468750.0 112815318.94951172 1.7913166996047432 0.8293132868540477 1.3045331027667986 10179.718379446642 15022.665513833994 21292.922430830044 21.383642814178035 -44.648761871143606 -4.091653651562877
44.0 4.98 241401.0 1831548295.4545455 1373859241.438479 1449417613.6363637 236007920.27478075 0.8968434343434344 0.4152052936775159 0.5913510101010101 10414.393939393942 15329.67171717172 21759.53282828283 31.969733333333334 -158.60733333333334 -76.58066666666666
