25.0 2.145 206617.0 76427556818.18181 87543154550.01248 549389204.5454546 22128694.507835064 16.10168470868284 7.45448366142724 1.8940574699614605 5866.193890274314 8788.50459079574 73.6294916118794 -10.047498466728062 -73.30892104980323 -35.205920070210134
26.0 2.238 217295.0 79648863636.36365 90679646771.91145 649659090.909091 30575390.829218242 16.327032342657343 7.5588112697487695 1.6636072261072261 6030.4851398601395 9022.581585081585 68.00007284382285 -7.349095128147689 -73.60690993900798 -35.743521947914225
27.0 2.384 234203.0 88140340909.09091 99271563239.25992 796022727.2727274 33795624.13601712 17.175732695588596 7.951728099809535 1.8127741896173535 6305.4472337314155 9416.052278820376 57.2637399463807 -4.215457129381282 -73.3508387717923 -36.4145098559019
28.0 2.539 249736.0 89010511363.63635 98982362850.67789 986946022.7272727 49863296.00703615 15.236795327577452 7.054071910915487 1.5681342051802947 6567.816785170137 9792.446990858303 48.27244159471814 -0.9314573431579704 -74.15455370316917 -36.6024576975372
29.0 2.685 266814.0 91848863636.36365 100739447760.29706 1212727272.7272725 65126890.540608026 16.779243195031714 7.768168145848016 1.4903623810782245 6834.327100951375 10171.23909883721 40.04509117336153 1.1909590636453755 -75.63228963329365 -36.81761333678299
30.0 2.839 276709.0 94592045454.54546 102342016033.96866 1491519886.3636365 92792908.58936347 17.78952457557503 8.235891007210661 1.3184128559693322 7081.094263417306 10518.209200438116 30.29435925520263 3.862933601817172 -76.02547057535928 -37.37149248081987
31.0 2.981 238364.0 112182670454.54546 120045371688.40366 1744502840.909091 116669078.96882889 20.686066270178422 9.576882532490009 1.2413268195978477 7325.0318606627025 10859.087369017276 21.525063721325402 3.999392097498407 -74.60787677966779 -41.22066912809157
32.0 3.129 225939.0 131717471590.9091 139207232716.1067 2136789772.7272727 139479189.01417828 24.115331744868033 11.164505437438903 1.2666788856304987 7587.609970674487 11223.148826979474 11.355205278592376 4.810523143705789 -72.126041292869 -43.819959397663794
33.0 3.285 232411.0 145076704545.45456 151253593458.62457 2534076704.5454545 182135963.83223927 25.95104166666667 12.014371141975309 1.1689867424242426 7845.217803030303 11576.94128787879 1.8863636363636365 7.603414370092777 -70.19540042861308 -43.16634343131232
34.0 3.447 240617.0 166223011363.63638 170925083333.49707 3018977272.727273 230626134.8182534 29.435736677115987 13.627655869035179 1.11108934169279 8120.738636363636 11956.308777429467 17136.60854231975 9.667523917914467 -65.31180725486435 -43.70175084459156
35.0 3.593 250254.0 195169034090.9091 198605733620.77698 3559602272.727273 307540200.12064487 34.42703296260477 15.938441186391096 1.0027804642166342 8356.554239200514 12280.988072211476 17616.457124435845 10.5160196667373 -61.44160487755083 -46.42224154524538
36.0 3.744 259107.0 257551136363.63638 260054208780.67688 4052372159.0909095 352611607.65576637 35.46247718978102 16.417813513787507 0.9968584107498341 8607.17692435302 12625.87093563371 18126.503400796286 10.05911615162211 -55.63233491838 -57.47279287571038
37.0 3.902 270404.0 294295454545.4546 294144792238.09204 5210965909.090909 296118223.1092836 25.793113721484513 11.941256352539126 1.4217845590738851 8843.207354443311 12948.427391896495 18600.34686755192 10.581246961944652 -57.264216036682804 -64.22284902940062
38.0 4.038 278172.0 308615056818.1818 304425483599.91113 6548480113.636364 409853996.8955479 29.154884178321677 13.497631564037812 1.3118444055944054 9085.773601398601 13284.527972027972 19088.23208041958 9.473524958454563 -58.1926322188114 -70.84677987633702
39.0 4.206 270697.0 331740056818.1819 323012162309.1465 8010468750.0 391837549.41527617 36.22316295364714 16.76998284891071 1.610952659001078 9339.797430830038 13632.152802730867 19596.65828242903 7.580170954510507 -56.674430364061955 -76.07456300734755
40.0 4.293 271699.0 346542613636.36365 335634174484.79065 8538394886.363638 388739881.3373186 39.823409090909095 18.436763468013467 1.7102272727272727 9453.238636363636 13788.863636363638 19822.954545454548 7.0117182558913465 -54.94394188989355 -78.61169280965777
41.0 4.502 274264.0 377683238636.36365 359306029427.6762 9474474431.818182 338878940.35086125 46.73030224443606 21.634399187238916 2.0911330629950964 9809.152206714445 14286.884666163713 20537.06148623161 4.9113077823304945 -54.27322331041408 -85.1381813113978
42.0 4.657 231002.0 392580965909.09094 369557109724.03754 9984715909.09091 311057867.6857578 47.45804843990754 21.971318722179415 2.3462177388289676 10018.899268104775 14577.354583975348 20949.898882896763 3.3008096490078085 -55.962419424117535 -89.473630960681
43.0 4.816 240660.0 467946022727.27264 436850278917.46594 10566534090.909092 289372201.3122666 43.89235424901186 20.320534374542525 2.61227766798419 10281.805830039526 14942.378952569174 21471.65266798419 -0.5752435249904846 -44.66267479913226 -86.490277314852
44.0 4.98 241397.0 506943181818.1818 468872642918.677 11569119318.181818 249432314.82139236 48.6239898989899 22.511106434717544 3.18844696969697 10510.60606060606 15260.03787878788 21928.2196969697 -7.968933333333333 -39.2526 -85.94733333333333
45.0 5.115 236410.0 545278409090.9091 500734425436.5246 12223252840.909092 230504147.89804867 58.822822398190056 27.23278814731021 3.56489099136158 10697.629576306048 15531.802756067464 22304.992801316333 -12.808362670483785 -34.63161705698855 -88.82778779280105
46.0 5.289 239001.0 755727272727.2728 692198942728.7439 13267400568.181818 210366375.7734134 79.63332452431291 36.867279872367085 4.119053911205075 10988.768498942918 15961.086152219874 22898.982558139538 -10.327849479205062 -37.31532028412696 -78.4027512598651
47.0 5.431 241892.0 825794034090.9092 751532170682.6976 14126250000.0 208180445.5313817 82.38367083153813 38.14058834793431 4.378029405428694 11188.53672985782 16260.905859543296 23308.98588970271 -11.607315726285224 -34.505063590560525 -79.5905831196569
48.0 5.577 248878.0 109125568181.81819 90713324203.72035 14753693181.818182 217382784.37087855 12.889561374615722 5.967389525285056 4.3787741545893715 11393.89822134387 16577.66523935002 23733.119235836628 -64.42872978988615 -3.9777599721621293 -142.3680815337958
49.0 5.726 257580.0 31037215909.09091 24328168530.421535 12986221590.909092 328824103.00814587 4.867702762923352 2.253566093945996 2.7886168672014264 11544.535427807486 16822.15073529412 24047.808043672016 -102.5747169953038 -9.091878557585465 -184.8831803344702
50.0 5.878 263484.0 9314900568.181818 6886730037.106462 9675497159.09091 617860083.0022511 2.0965198863636365 0.9706110585016835 1.2900568181818182 11749.43181818182 17142.045454545456 24494.034090909092 -67.21912625451182 -89.83862365653205 -82.71452283607758
51.0 6.073 265822.0 20786647727.272724 15626919643.55894 13042343750.0 640761126.2396438 3.9613927738927743 1.8339781360614695 1.6051136363636367 12050.990675990675 17566.28787878788 25111.37820512821 44.00755057732008 -32.999575956560726 -6.910078865556104
52.0 6.193 271388.0 18004545454.545456 13342345540.512266 13704247159.09091 953473333.3832961 3.3422111742424243 1.5473199880751964 1.2010978929924243 12250.532670454546 17837.949810606064 25506.184895833336 89.7902355522071 10.347199355632824 32.567534828366654
53.0 6.356 278230.0 6359545454.545455 4487102027.155983 10673139204.545456 1553980200.1579678 1.5675354737854739 0.7257108674932748 0.6491251803751804 12458.513708513707 18139.505170755172 25910.594035594033 -9.461418545555413 7.944076815447812 -78.53079955219403
54.0 6.522 284345.0 1883494318.1818182 1255602816.7944624 7428579545.454546 1803537602.2194073 0.6871160933660934 0.31810930248430247 0.42390970515970516 12736.332923832922 18518.35073710074 26469.517813267812 -13.722707399918713 16.44903026156697 -106.02897672525849
