25.0 2.145 341682.0 32362215909.090916 36694197678.480484 210269886.36363637 14478994.643351307 10.75312429154387 4.978298283122162 1.2114954092042622 5848.340795737929 8656.767172976652 216.15386250283387 40.73016906939433 -2.094683280328504 -59.88119522976005
26.0 2.238 354574.0 32728977272.727276 36816406451.43621 222414772.7272727 14223152.634221114 11.320913461538463 5.24116363960114 1.2885343822843824 6020.833333333333 8900.968822843824 210.90472027972027 41.686985471518135 -0.781936065325299 -62.51437565134058
27.0 2.384 375230.0 33451136363.636364 37095815201.5338 244673295.45454547 15754265.37218825 11.671414209115282 5.403432504220038 1.2811890689739216 6308.036802339752 9306.9857421399 202.0168169631977 43.92475883329359 1.3665259606287714 -66.87910188868416
28.0 2.539 392657.0 34681534090.909096 37903759464.70039 271278409.0909091 16937898.081963014 11.949236604875573 5.532053983738691 1.3144759395632302 6585.671660741494 9698.014537836465 189.62869794311837 46.4123038687182 4.281035874553947 -71.504043843922
29.0 2.685 386944.0 35557670454.545456 38245197144.322044 302812500.0 18749400.25196812 12.594889667019029 5.830967438434735 1.3236654334038056 6866.369912790698 10094.35286733615 176.93206593551798 48.694368893796295 8.250770725274489 -76.36555249107704
30.0 2.839 291917.0 34041051136.36364 35990711305.320496 333480113.6363637 21261799.950908758 11.687046481380067 5.410669667305586 1.2917579408543265 7128.542579408545 10462.11835980285 161.71618291347207 49.569265400694185 12.843406297133678 -80.75631018091494
31.0 2.981 238365.0 35134659090.909096 36567050723.884735 364673295.4545455 23928337.659886006 11.703350679694138 5.418217907265804 1.2611954828660437 7385.832625318607 10824.571651090342 146.99757504956102 47.73886056375072 17.14104122373098 -84.27719067221716
32.0 3.129 225941.0 31065909090.909092 31640124193.783005 394730113.6363637 25521023.128572453 10.252428519061585 4.746494684750734 1.2768053519061584 7660.098973607039 11213.068181818182 129.31634897360706 39.970541269870886 17.3380573216933 -91.29816096971294
33.0 3.285 232413.0 24560653409.09091 24391983775.85601 433707386.3636364 27687247.98346851 7.84128787878788 3.6302258698092036 1.2903882575757575 7925.189393939395 11590.625000000002 107.66903409090908 28.335658391503806 14.749971472175803 -98.91049341702832
34.0 3.447 240619.0 20620738636.363636 19962617871.885914 466562500.0 28306633.50810341 6.912078761755486 3.200036463775688 1.346297021943574 8204.300548589343 11992.603840125394 82.16105015673982 12.6382122864174 7.591817885973893 -109.00686378895345
35.0 3.593 250255.0 24455397727.272728 23392975778.491615 506576704.54545456 29508329.710695975 7.825848243068988 3.6230778903097165 1.3927506447453257 8438.205190199871 12333.222517730497 56.51092037395229 -5.06131904569051 -0.2025266027530582 -121.30218026286593
36.0 3.744 259108.0 18824147727.272728 17530352078.037266 558309659.0909091 32072313.930447694 6.067051675514267 2.8088202201454937 1.408997594558726 8680.376990710018 12692.17609489051 26.546843895155934 -22.505783228294415 -6.330776652634923 -132.9280048059055
37.0 3.902 270405.0 27192045454.545456 25206386327.106472 603409090.9090909 31039728.56649401 9.041698586993531 4.185971568052561 1.5447842185903986 8899.599931903304 13022.642151855638 18612.210589036433 -35.25778781817516 -13.857841750477359 -135.7455155107284
38.0 4.038 278173.0 21744460227.272728 19658077599.81177 630426136.3636364 32088382.051369485 7.451759178321678 3.449888508482258 1.5584571678321677 9129.479895104894 13369.372814685314 19083.26048951049 -46.83402736407004 -23.252357571867844 -135.62392001555114
39.0 4.206 270699.0 20961221590.909092 18583610435.341557 656036931.8181818 31508477.679808624 7.51117274523895 3.4773947894624766 1.6357123607617678 9366.802910528208 13730.124865253323 19575.716403162052 -58.96608509959205 -43.73740408608772 -128.42030521880142
40.0 4.293 271701.0 21351136363.636364 18790368650.94617 664559659.0909091 31629567.45860569 7.659318181818182 3.5459806397306393 1.6481250000000003 9470.795454545454 13887.670454545456 19793.352272727276 -62.1471676808847 -56.32421284300385 -124.23513752397103
41.0 4.502 274265.0 22043607954.545456 18949590249.62669 693508522.7272727 32909554.10739318 7.632909751037345 3.533754514369141 1.6522067144473782 9804.142304790643 14382.839023010183 20493.97632968691 -62.83200357407664 -85.06345914273531 -114.21605558375772
42.0 4.657 231006.0 21936221590.909092 18591870539.828663 702031250.0 32872933.670213055 7.67388530431433 3.5527246779233006 1.6706591872110939 9997.893393682589 14664.98940677966 20901.928447611714 -58.47994749020921 -104.55992196513887 -109.26429826343094
43.0 4.816 240662.0 20559517045.454548 17089671211.889002 712556818.1818182 33491020.944179337 7.188735177865613 3.3281181379007467 1.6654520750988144 10245.676877470358 15020.133399209486 21421.195652173916 -49.628930710607314 -125.40823161561813 -106.09497754985554
44.0 4.98 241399.0 17832954545.454544 14534247283.1816 736278409.0909091 34717681.53219939 6.4006944444444445 2.963284465020576 1.6609848484848486 10462.87878787879 15320.833333333334 21871.780303030304 -31.22106666666667 -140.82133333333334 -99.67933333333333
45.0 5.115 236413.0 18868181818.18182 15233851319.23094 777400568.1818182 35162825.10906134 6.531519950637599 3.0238518289988883 1.7195855614973263 10646.981694775814 15568.631735911149 22247.853249691485 -17.497093846476282 -151.0950903146577 -95.05875588358889
46.0 5.289 239004.0 17380681818.18182 13748201526.891445 801534090.909091 35199617.61976209 6.215975158562369 2.8777662771122077 1.7624207188160679 10941.728329809726 15964.785940803384 22845.93023255814 -3.9280145976141387 -144.41843933192797 -86.2675099826386
47.0 5.431 241895.0 19548437500.0 15354197885.238195 866846590.909091 38410377.217290826 6.7665472856527344 3.1326607803947844 1.7493133347694958 11149.693020249892 16240.777143472642 23262.265725980178 3.9804241128909132 -112.65648715920506 -77.48261538696143
48.0 5.577 248880.0 14476846590.909092 11110122236.393972 915781250.0 40165025.37395137 5.295207509881422 2.451484958278436 1.7643143390425997 11367.136034255598 16536.698506807203 23696.40700483092 8.43558963028833 -59.51884088208421 -70.32079109270161
49.0 5.726 257582.0 9412698863.636364 7043635488.074126 904119318.1818182 45549789.11761281 3.6486881684491976 1.689207485393147 1.5718304367201428 11535.83166221034 16777.100044563278 24031.444964349375 4.672384570380462 37.90229121644076 -57.64484012115167
50.0 5.878 263487.0 3009928977.2727275 2133253771.5102117 712428977.2727274 63017426.57697366 1.6649857954545455 0.7708267571548821 0.9833096590909092 11764.488636363638 17140.625 24507.59943181818 -31.346185031355887 223.3941240599224 38.25801239609815
51.0 6.073 265825.0 5326107954.545455 3799156013.2655616 985142045.4545455 67940928.13214727 2.8948863636363638 1.3402251683501682 1.2099358974358974 12071.095571095573 17616.550116550115 25149.839743589746 52.91430093467293 26.636465631795936 21.638628314387333
52.0 6.193 271391.0 4455951704.545455 3129625296.6651826 1010014204.5454546 95334772.18268827 2.620072798295455 1.2129966658775253 0.9315074573863639 12269.176136363638 17888.479521780304 25542.510061553035 59.01890958007301 -62.65650495110224 -23.679155265408717
53.0 6.356 278233.0 4616193181.818182 3217956680.0553994 1021534090.9090908 77896219.5940257 3.0187289562289563 1.39755970195785 1.1127645502645502 12475.198412698412 18147.321428571428 25934.79437229437 31.19693876321469 -157.16707108466878 -102.77117019257552
54.0 6.522 284349.0 1643806818.1818182 1090486571.1304693 712968750.0 104060415.5107455 1.6020423832923834 0.7416862885612885 0.6478040540540541 12731.649262899264 18504.60687960688 26458.384520884523 -164.6704301980827 -40.1207354491213 -164.07931764191926
55.0 6.692 292108.0 1865156250.0 1231969790.3968542 735014204.5454546 94505349.74250096 2.0396010239760245 0.9442597333222335 0.719983141858142 12919.190184815187 18812.28146853147 26874.29757742258 -28.666038323508104 21.954099886073497 -39.597241996309364
56.0 6.822 300105.0 1572642045.4545455 1023304409.6555095 692428977.2727274 98019835.49597926 1.7007364144235655 0.7873779696405395 0.6645187912646014 13138.64906043677 19129.55497714576 27321.689309294055 64.38099440577147 -2.74316153390888 3.47280767145332
57.0 6.998 309669.0 619105113.6363636 386531295.6525756 489573863.63636357 113383701.5706427 0.8471881456611571 0.3922167341023875 0.4409058626033058 13395.612732438018 19443.520790289254 27794.744318181823 239.59071352018978 -171.73332408787974 61.999928541197825
58.0 7.132 316138.0 540951704.5454546 333216738.82731277 459772727.2727273 100713141.665508 0.9948108250131372 0.46056056713571164 0.46185299527062534 13640.797425118235 19736.353783499737 28275.420388859697 -23.735746319079574 -171.98579882226264 -40.986329758320686
59.0 7.314 323878.0 519119318.1818182 316484357.3861196 452059659.0909091 101880167.03303677 0.9177807486631017 0.42489849475143593 0.4510360962566845 13870.320855614975 20066.092914438505 28762.449866310166 -52.27272890438918 16.65679223478942 -59.08391488084603
60.0 7.453 328723.0 287727272.72727275 171006402.35562137 358693181.8181818 103347824.03849798 0.5669981060606061 0.2624991231762065 0.3675426136363636 14033.668154761906 20323.914366883117 29092.769209956707 126.96233938230884 205.44333772327823 -69.96029020438768
61.0 7.642 333657.0 287286931.8181818 168704687.22559917 349417613.6363637 92739781.75126351 0.6223149944567627 0.2881087937299827 0.39356984478935697 14412.07039911308 20811.477965631926 29793.51441241685 23.823214159773634 -112.85662642237283 -35.475963229330084
62.0 7.786 340544.0 259772727.27272728 151140953.11094278 337642045.4545455 93723039.2490245 0.5515221661054994 0.25533433615995343 0.37913860830527496 14578.072390572392 21047.629068462404 30153.61952861953 -167.64401838051197 -102.35527792515539 -56.079931709123905
63.0 7.932 344645.0 120071022.72727273 67774995.12786698 212244318.1818182 65514268.059593864 0.4272017045454546 0.19777856691919193 0.34703480113636365 14729.314630681816 21318.98082386364 30505.948153409092 -3.8999579813441576 74.23375655997917 -134.39600998774108
64.0 8.079 349567.0 146264204.54545456 82566132.49235684 239715909.0909091 66830198.33120618 0.4799877733026468 0.22221656171418833 0.37776898734177217 14923.403337169158 21588.57163406214 30876.096806674337 68.39183216019183 -75.97301574401601 -37.10383706521504
65.0 8.28 358681.0 79900568.18181819 43880147.77030825 157414772.72727275 39397287.34253662 0.4399743401759531 0.20369182415553383 0.4133064516129032 15212.24340175953 21961.2353372434 31489.1862170088 -232.9785856641432 -103.17432601685488 55.50052790077331
66.0 8.432 363806.0 79460227.27272728 43235831.3885359 153721590.9090909 44062111.687564716 0.39716656698564595 0.18387341064150275 0.3691312799043063 15492.673444976079 22386.457087320574 32104.048295454548 3.868250897573598 -22.774751976811146 -89.02306038103421
67.0 8.587 365804.0 43664772.72727273 23203812.989819128 95852272.72727273 36548663.385609485 0.2891098484848485 0.13384715207631873 0.29100378787878795 15725.852272727274 22680.492424242428 32512.121212121216 387.8513893757075 -68.83025352391684 13.284481021352196
68.0 8.743 371468.0 37116477.27272727 19513235.111113083 70610795.45454545 19153222.44987429 0.4437960687960688 0.20546114296114296 0.3864980036855037 15954.487868550368 22971.917229729734 32970.66953316954 -35.16699837195724 -54.96786999896371 9.764066853533434
69.0 8.902 373867.0 31434659.090909094 16348389.379276061 58536931.81818182 17887905.945260234 0.44306506849315075 0.2051227168949772 0.34995719178082196 16158.059620174348 23279.59604607721 33403.73988169365 -101.73179864466887 -17.02459797385045 -241.91002884436074
70.0 9.062 380981.0 10909090.90909091 5478365.336186367 25298295.454545457 4255120.508054576 0.5507220643939394 0.25496391870089785 0.5755800189393939 16400.726010101014 23592.76357323233 33824.57386363637 88.485 -56.0365 -45.310833333333335
